function [pt,pgon]=dice

pt=...
   [0 0 0;
    1 0 0;
    1 1 0;
    0 1 0;
    0 0 1;
    1 0 1;
    1 1 1;
    0 1 1];
 
 pgon=...
  {[1 2 3 4]
   [5 8 7 6]
   %[1 5 6 2]
   [2 6 5 1]
   [3 7 8 4]
   %[2 6 7 3]
   [7 6 2 3]
   %[4 8 5 1]
   [5 8 4 1]};